

0.5  H2 = H     
(T)       (T,g) 
 _______ _ _____  
 
T(K)    Delta_H°(J) Delta_G°(J) Delta_Vol(litre) Delta_S°(J/K) Delta_Cp(J/K) Keq        T 
_______ ___________ ___________ ________________ _____________ _____________ __________ _ 
 
------  H2(g)       H(g)        ------                                                    
200.00  217339.8    208014.4    8.2058E+00       46.627        7.3372E+00    4.7162E-55 T 
300.00  218010.8    203202.6    1.2309E+01       49.361        6.3619E+00    4.1704E-36   
400.00  218636.3    198171.8    1.6412E+01       51.161        6.1942E+00    1.3246E-26   
500.00  219253.6    192984.2    2.0514E+01       52.539        6.1582E+00    6.9118E-21   
600.00  219867.9    187672.5    2.4617E+01       53.659        6.1249E+00    4.5927E-17   
700.00  220477.6    182258.3    2.8720E+01       54.599        6.0643E+00    2.5122E-14   
800.00  221079.7    176757.2    3.2823E+01       55.403        5.9705E+00    2.8789E-12   
900.00  221670.6    171181.3    3.6926E+01       56.099        5.8436E+00    1.1618E-10   
1000.00 222247.4    165540.3    4.1029E+01       56.707        5.6860E+00    2.2557E-09   
1100.00 222806.9    159842.4    4.5132E+01       57.240        5.4997E+00    2.5699E-08   
1200.00 223346.4    154094.3    4.9235E+01       57.710        5.2870E+00    1.9616E-07   
1300.00 223864.9    148302.2    5.3338E+01       58.125        5.0796E+00    1.0998E-06   
1400.00 224361.9    142470.9    5.7440E+01       58.494        4.8597E+00    4.8359E-06   
1500.00 224836.8    136604.8    6.1543E+01       58.821        4.6385E+00    1.7503E-05   
1600.00 225289.8    130707.8    6.5646E+01       59.114        4.4220E+00    5.4068E-05   
1700.00 225721.5    124783.1    6.9749E+01       59.376        4.2134E+00    1.4655E-04   
1800.00 226132.8    118833.5    7.3852E+01       59.611        4.0140E+00    3.5615E-04   
1900.00 226524.6    112861.7    7.7955E+01       59.823        3.8243E+00    7.8939E-04   
2000.00 226898.0    106869.7    8.2058E+01       60.014        3.6442E+00    1.6178E-03   
2100.00 227253.8    100859.5    8.6161E+01       60.188        3.4732E+00    3.0997E-03   
2200.00 227592.9    94832.7     9.0264E+01       60.346        3.3107E+00    5.6033E-03   
2300.00 227916.2    88790.8     9.4367E+01       60.489        3.1560E+00    9.6283E-03   
2400.00 228224.3    82735.2     9.8469E+01       60.620        3.0086E+00    1.5826E-02   
2500.00 228518.1    76667.1     1.0257E+02       60.740        2.8678E+00    2.5013E-02   
2600.00 228798.1    70587.5     1.0668E+02       60.850        2.7330E+00    3.8187E-02   
2700.00 229064.9    64497.4     1.1078E+02       60.951        2.6035E+00    5.6527E-02   
2800.00 229319.0    58397.6     1.1488E+02       61.043        2.4790E+00    8.1397E-02   
2900.00 229560.8    52288.9     1.1898E+02       61.128        2.3588E+00    1.1434E-01   
3000.00 229790.9    46172.2     1.2309E+02       61.206        2.2427E+00    1.5707E-01   
3100.00 230009.5    40047.9     1.2719E+02       61.278        2.1301E+00    2.1145E-01   
3200.00 230217.0    33916.8     1.3129E+02       61.344        2.0207E+00    2.7950E-01   
3300.00 230413.7    27779.3     1.3540E+02       61.404        1.9143E+00    3.6333E-01   
3400.00 230599.9    21636.1     1.3950E+02       61.460        1.8105E+00    4.6517E-01   
3500.00 230775.9    15487.5     1.4360E+02       61.511        1.7090E+00    5.8731E-01   
3600.00 230941.8    9334.0      1.4770E+02       61.558        1.6097E+00    7.3210E-01   
3700.00 231097.9    3176.1      1.5181E+02       61.600        1.5123E+00    9.0191E-01   
3800.00 231244.3    -2986.0     1.5591E+02       61.640        1.4166E+00    1.0991E+00   
3900.00 231381.3    -9151.7     1.6001E+02       61.675        1.3225E+00    1.3261E+00   
4000.00 231508.9    -15320.9    1.6412E+02       61.707        1.2298E+00    1.5851E+00   
4100.00 231627.3    -21493.1    1.6822E+02       61.737        1.1384E+00    1.8785E+00   
4200.00 231736.6    -27668.1    1.7232E+02       61.763        1.0485E+00    2.2085E+00   
4300.00 231837.0    -33845.6    1.7642E+02       61.787        9.5796E-01    2.5771E+00   
4400.00 231928.2    -40025.4    1.8053E+02       61.808        8.6784E-01    2.9864E+00   
4500.00 232010.6    -46207.1    1.8463E+02       61.826        7.7886E-01    3.4383E+00   
4600.00 232084.1    -52390.5    1.8873E+02       61.842        6.9165E-01    3.9346E+00   
4700.00 232149.0    -58575.5    1.9284E+02       61.856        6.0670E-01    4.4769E+00   
4800.00 232205.5    -64761.7    1.9694E+02       61.868        5.2439E-01    5.0668E+00   
4900.00 232253.9    -70949.0    2.0104E+02       61.878        4.4502E-01    5.7057E+00   
5000.00 232294.6    -77137.3    2.0514E+02       61.886        3.6882E-01    6.3948E+00   
5100.00 232327.8    -83326.3    2.0925E+02       61.893        2.9595E-01    7.1353E+00   
5200.00 232353.9    -89515.8    2.1335E+02       61.898        2.2654E-01    7.9282E+00   
5300.00 232373.2    -95705.8    2.1745E+02       61.902        1.6065E-01    8.7743E+00   
5400.00 232386.2    -101896.1   2.2156E+02       61.904        9.8332E-02    9.6744E+00   
5500.00 232393.0    -108086.6   2.2566E+02       61.905        3.9599E-02    1.0629E+01   
5600.00 232394.2    -114277.2   2.2976E+02       61.906        -1.5556E-02   1.1639E+01   
5700.00 232390.0    -120467.7   2.3386E+02       61.905        -6.7162E-02   1.2704E+01   
5800.00 232380.9    -126658.1   2.3797E+02       61.903        -1.1526E-01   1.3825E+01   
5900.00 232367.1    -132848.3   2.4207E+02       61.901        -1.5990E-01   1.5001E+01   
6000.00 232349.0    -139038.3   2.4617E+02       61.898        -2.0116E-01   1.6233E+01   
_______ ___________ ___________ ________________ _____________ _____________ __________ _ 
 
