

H2  + 0.5  O2 = H2O 
(T)   (T)       (T) 
 ___ _ _______ _ ___  
 
T(K)        Delta_H°(J)   Delta_G°(J) Delta_Vol(litre) Delta_S°(J/K) Delta_Cp(J/K) Keq        T 
___________ _____________ ___________ ________________ _____________ _____________ __________ _ 
 
------      H2(g)         O2(g)       H2O(s)           ------                                   
200.00      -292162.5     -254978.3   -2.4617E+01      -185.921      -5.7440E+00   3.9068E+66 T 
273.15      -292637.2     -241302.7   -3.3621E+01      -187.934      -7.0315E+00   1.3895E+46 T 
------      H2(g)         O2(g)       H2O(l)           ------                                   
H2O(1 mol): DH° = 6000.8  DG° = 0     ------           DS° = 21.969                             
273.15      -286636.4     -241302.7   -3.3621E+01      -165.965      3.2817E+01    1.3895E+46 T 
300.00      -285771.1     -236888.4   -3.6926E+01      -162.942      3.1810E+01    1.7575E+41   
373.50      -283444.7     -225175.5   -4.5973E+01      -156.007      3.1925E+01    3.0908E+31   
------      H2(g)         O2(g)       H2O(g)           ------                                   
H2O(1 mol): DH° = 40855.8 DG° = 0     ------           DS° = 109.385                            
373.50      -242588.9     -225175.5   -1.5324E+01      -46.622       -1.0024E+01   3.0908E+31   
400.00      -242853.8     -223931.0   -1.6412E+01      -47.307       -9.9714E+00   1.7444E+29   
500.00      -243833.5     -219086.1   -2.0514E+01      -49.495       -9.5842E+00   7.7124E+22   
600.00      -244765.7     -214048.2   -2.4617E+01      -51.196       -9.0423E+00   4.3060E+18   
700.00      -245639.6     -208858.6   -2.8720E+01      -52.544       -8.4277E+00   3.8444E+15   
800.00      -246449.8     -203548.1   -3.2823E+01      -53.627       -7.7709E+00   1.9498E+13   
900.00      -247192.8     -198140.1   -3.6926E+01      -54.503       -7.0843E+00   3.1584E+11   
1000.00     -247865.9     -192653.1   -4.1029E+01      -55.213       -6.3731E+00   1.1559E+10   
1100.00     -248469.3     -187102.0   -4.5132E+01      -55.788       -5.6929E+00   7.6649E+08   
1200.00     -249007.8     -181498.9   -4.9235E+01      -56.257       -5.0815E+00   7.9477E+07   
1300.00     -249484.7     -175853.4   -5.3338E+01      -56.639       -4.4696E+00   1.1633E+07   
1400.00     -249904.2     -170173.4   -5.7440E+01      -56.951       -3.9331E+00   2.2340E+06   
1500.00     -250273.7     -164465.2   -6.1543E+01      -57.206       -3.4672E+00   5.3339E+05   
1600.00     -250599.8     -158733.7   -6.5646E+01      -57.416       -3.0653E+00   1.5205E+05   
1700.00     -250888.7     -152983.1   -6.9749E+01      -57.592       -2.7206E+00   5.0174E+04   
1800.00     -251145.6     -147216.4   -7.3852E+01      -57.738       -2.4266E+00   1.8707E+04   
1900.00     -251375.5     -141436.1   -7.7955E+01      -57.863       -2.1775E+00   7.7313E+03   
2000.00     -251582.4     -135644.4   -8.2058E+01      -57.969       -1.9680E+00   3.4880E+03   
2100.00     -251770.2     -129842.8   -8.6161E+01      -58.061       -1.7934E+00   1.6966E+03   
2200.00     -251942.1     -124032.7   -9.0264E+01      -58.141       -1.6496E+00   8.8072E+02   
2300.00     -252101.1     -118215.0   -9.4367E+01      -58.211       -1.5332E+00   4.8381E+02   
2400.00     -252249.6     -112390.6   -9.8469E+01      -58.275       -1.4410E+00   2.7929E+02   
2500.00     -252390.0     -106560.3   -1.0257E+02      -58.332       -1.3703E+00   1.6842E+02   
2600.00     -252524.3     -100724.4   -1.0668E+02      -58.385       -1.3188E+00   1.0557E+02   
2700.00     -252654.3     -94883.5    -1.1078E+02      -58.434       -1.2843E+00   6.8483E+01   
2800.00     -252781.7     -89037.8    -1.1488E+02      -58.480       -1.2652E+00   4.5812E+01   
2900.00     -252907.8     -83187.6    -1.1898E+02      -58.524       -1.2598E+00   3.1502E+01   
3000.00     -253034.0     -77333.0    -1.2309E+02      -58.567       -1.2666E+00   2.2205E+01   
3100.00     -253161.5     -71474.2    -1.2719E+02      -58.609       -1.2846E+00   1.6007E+01   
3200.00     -253291.3     -65611.2    -1.3129E+02      -58.650       -1.3126E+00   1.1775E+01   
3300.00     -253424.3     -59744.2    -1.3540E+02      -58.691       -1.3496E+00   8.8236E+00   
3400.00     -253561.5     -53873.0    -1.3950E+02      -58.732       -1.3947E+00   6.7242E+00   
3500.00     -253703.5     -47997.8    -1.4360E+02      -58.773       -1.4473E+00   5.2037E+00   
3600.00     -253851.2     -42118.4    -1.4770E+02      -58.815       -1.5067E+00   4.0842E+00   
3700.00     -254005.1     -36234.9    -1.5181E+02      -58.857       -1.5721E+00   3.2474E+00   
3800.00     -254165.8     -30347.0    -1.5591E+02      -58.900       -1.6432E+00   2.6130E+00   
3900.00     -254333.9     -24454.9    -1.6001E+02      -58.943       -1.7193E+00   2.1258E+00   
4000.00     -254509.8     -18558.3    -1.6412E+02      -58.988       -1.8001E+00   1.7472E+00   
4100.00     -254693.6     -12657.3    -1.6822E+02      -59.033       -1.8771E+00   1.4496E+00   
4200.00     -254885.3     -6751.7     -1.7232E+02      -59.079       -1.9596E+00   1.2133E+00   
4300.00     -255085.8     -841.4      -1.7642E+02      -59.127       -2.0509E+00   1.0238E+00   
4400.00     -255295.7     5073.7      -1.8053E+02      -59.175       -2.1485E+00   8.7050E-01   
4500.00     -255515.7     10993.6     -1.8463E+02      -59.224       -2.2504E+00   7.4541E-01   
4600.00     -255745.9     16918.6     -1.8873E+02      -59.275       -2.3547E+00   6.4252E-01   
4700.00     -255986.6     22848.7     -1.9284E+02      -59.327       -2.4600E+00   5.5728E-01   
4800.00     -256237.9     28784.0     -1.9694E+02      -59.380       -2.5650E+00   4.8615E-01   
4900.00     -256499.6     34724.6     -2.0104E+02      -59.434       -2.6689E+00   4.2642E-01   
5000.00     -256771.6     40670.7     -2.0514E+02      -59.488       -2.7708E+00   3.7595E-01   
5100.00     -257053.7     46622.3     -2.0925E+02      -59.544       -2.8700E+00   3.3304E-01   
5200.00     -257345.5     52579.6     -2.1335E+02      -59.601       -2.9661E+00   2.9638E-01   
5300.00     -257646.7     58542.5     -2.1745E+02      -59.658       -3.0585E+00   2.6488E-01   
5400.00     -257957.1     64511.3     -2.2156E+02      -59.716       -3.1470E+00   2.3768E-01   
5500.00     -258276.0     70485.8     -2.2566E+02      -59.775       -3.2313E+00   2.1409E-01   
5600.00     -258603.2     76466.3     -2.2976E+02      -59.834       -3.3113E+00   1.9354E-01   
5700.00     -258938.1     82452.6     -2.3386E+02      -59.893       -3.3867E+00   1.7556E-01   
5800.00     -259280.4     88444.9     -2.3797E+02      -59.953       -3.4575E+00   1.5977E-01   
5900.00     -259629.5     94443.1     -2.4207E+02      -60.012       -3.5237E+00   1.4584E-01   
6000.00     -259984.9     100447.4    -2.4617E+02      -60.072       -3.5852E+00   1.3352E-01   
___________ _____________ ___________ ________________ _____________ _____________ __________ _ 
 
