

0.5  O2 = O     
(T)       (T,g) 
 _______ _ _____  
 
T(K)    Delta_H°(J) Delta_G°(J) Delta_Vol(litre) Delta_S°(J/K) Delta_Cp(J/K) Keq        T 
_______ ___________ ___________ ________________ _____________ _____________ __________ _ 
 
------  O2(g)       O(g)        ------                                                    
200.00  248429.1    237350.1    8.2058E+00       55.395        7.8718E+00    1.0282E-62 T 
300.00  249186.4    231644.0    1.2309E+01       58.474        7.2090E+00    4.6581E-41   
400.00  249867.7    225691.7    1.6412E+01       60.440        6.4247E+00    3.3762E-30   
500.00  250473.7    219576.1    2.0514E+01       61.795        5.7098E+00    1.1524E-23   
600.00  251012.8    213344.9    2.4617E+01       62.780        5.0880E+00    2.6739E-19   
700.00  251494.4    207028.1    2.8720E+01       63.523        4.5584E+00    3.5626E-16   
800.00  251927.4    200645.7    3.2823E+01       64.102        4.1168E+00    7.9343E-14   
900.00  252320.5    194211.5    3.6926E+01       64.566        3.7590E+00    5.3523E-12   
1000.00 252681.9    187735.3    4.1029E+01       64.947        3.4818E+00    1.5630E-10   
1100.00 253016.9    181224.2    4.5132E+01       65.266        3.2289E+00    2.4808E-09   
1200.00 253329.6    174683.7    4.9235E+01       65.538        3.0320E+00    2.4912E-08   
1300.00 253624.3    168117.8    5.3338E+01       65.774        2.8661E+00    1.7584E-07   
1400.00 253903.4    161529.8    5.7440E+01       65.981        2.7179E+00    9.4059E-07   
1500.00 254168.2    154922.4    6.1543E+01       66.164        2.5801E+00    4.0296E-06   
1600.00 254419.6    148297.7    6.5646E+01       66.326        2.4486E+00    1.4411E-05   
1700.00 254658.0    141657.7    6.9749E+01       66.471        2.3212E+00    4.4412E-05   
1800.00 254883.9    135004.1    7.3852E+01       66.600        2.1969E+00    1.2089E-04   
1900.00 255097.5    128338.2    7.7955E+01       66.715        2.0750E+00    2.9636E-04   
2000.00 255299.0    121661.4    8.2058E+01       66.819        1.9553E+00    6.6468E-04   
2100.00 255488.6    114974.8    8.6161E+01       66.911        1.8378E+00    1.3811E-03   
2200.00 255666.6    108279.4    9.0264E+01       66.994        1.7225E+00    2.6865E-03   
2300.00 255833.4    101576.2    9.4367E+01       67.068        1.6131E+00    4.9339E-03   
2400.00 255989.4    94866.0     9.8469E+01       67.135        1.5088E+00    8.6168E-03   
2500.00 256135.3    88149.5     1.0257E+02       67.194        1.4102E+00    1.4397E-02   
2600.00 256271.7    81427.4     1.0668E+02       67.248        1.3175E+00    2.3128E-02   
2700.00 256399.0    74700.1     1.1078E+02       67.296        1.2309E+00    3.5882E-02   
2800.00 256518.0    67968.3     1.1488E+02       67.339        1.1504E+00    5.3959E-02   
2900.00 256629.3    61232.4     1.1898E+02       67.378        1.0758E+00    7.8906E-02   
3000.00 256733.4    54492.8     1.2309E+02       67.414        1.0071E+00    1.1252E-01   
3100.00 256830.9    47749.8     1.2719E+02       67.446        9.4397E-01    1.5683E-01   
3200.00 256922.4    41003.8     1.3129E+02       67.475        8.8629E-01    2.1414E-01   
3300.00 257008.3    34255.0     1.3540E+02       67.501        8.3382E-01    2.8695E-01   
3400.00 257089.3    27503.7     1.3950E+02       67.525        7.8632E-01    3.7798E-01   
3500.00 257165.8    20750.0     1.4360E+02       67.547        7.4358E-01    4.9015E-01   
3600.00 257238.2    13994.3     1.4770E+02       67.568        7.0536E-01    6.2655E-01   
3700.00 257307.0    7236.5      1.5181E+02       67.587        6.7146E-01    7.9039E-01   
3800.00 257372.6    477.0       1.5591E+02       67.604        6.4165E-01    9.8502E-01   
3900.00 257435.4    -6284.2     1.6001E+02       67.620        6.1575E-01    1.2139E+00   
4000.00 257495.9    -13047.1    1.6412E+02       67.636        5.9355E-01    1.4804E+00   
4100.00 257554.1    -19811.4    1.6822E+02       67.650        5.7161E-01    1.7881E+00   
4200.00 257610.4    -26577.1    1.7232E+02       67.664        5.5512E-01    2.1406E+00   
4300.00 257665.2    -33344.1    1.7642E+02       67.677        5.4221E-01    2.5412E+00   
4400.00 257718.9    -40112.4    1.8053E+02       67.689        5.3139E-01    2.9935E+00   
4500.00 257771.5    -46881.8    1.8463E+02       67.701        5.2142E-01    3.5009E+00   
4600.00 257823.2    -53652.5    1.8873E+02       67.712        5.1131E-01    4.0666E+00   
4700.00 257873.8    -60424.2    1.9284E+02       67.723        5.0025E-01    4.6938E+00   
4800.00 257923.2    -67197.1    1.9694E+02       67.733        4.8760E-01    5.3856E+00   
4900.00 257971.2    -73970.9    2.0104E+02       67.743        4.7283E-01    6.1450E+00   
5000.00 258017.7    -80745.7    2.0514E+02       67.753        4.5556E-01    6.9747E+00   
5100.00 258062.2    -87521.4    2.0925E+02       67.762        4.3546E-01    7.8773E+00   
5200.00 258104.6    -94298.0    2.1335E+02       67.770        4.1231E-01    8.8555E+00   
5300.00 258144.6    -101075.3   2.1745E+02       67.777        3.8593E-01    9.9113E+00   
5400.00 258181.7    -107853.4   2.2156E+02       67.784        3.5620E-01    1.1047E+01   
5500.00 258215.7    -114632.2   2.2566E+02       67.791        3.2306E-01    1.2265E+01   
5600.00 258246.2    -121411.5   2.2976E+02       67.796        2.8647E-01    1.3566E+01   
5700.00 258272.9    -128191.4   2.3386E+02       67.801        2.4641E-01    1.4952E+01   
5800.00 258295.4    -134971.6   2.3797E+02       67.805        2.0290E-01    1.6426E+01   
5900.00 258313.4    -141752.3   2.4207E+02       67.808        1.5599E-01    1.7987E+01   
6000.00 258326.5    -148533.2   2.4617E+02       67.810        1.0572E-01    1.9636E+01   
_______ ___________ ___________ ________________ _____________ _____________ __________ _ 
 
