

0.5  H2 + 0.5  O2 = HO    
(T)       (T)       (T,g) 
 _______ _ _______ _ _____  
 
T(K)    Delta_H°(J) Delta_G°(J) Delta_Vol(litre) Delta_S°(J/K) Delta_Cp(J/K) Keq        T 
_______ ___________ ___________ ________________ _____________ _____________ __________ _ 
 
------  H2(g)       O2(g)       HO(g)            ------                                   
200.00  38873.5     35807.9     0.0000E+00       15.328        1.1903E+00    4.4480E-10 T 
300.00  38988.6     34248.6     0.0000E+00       15.800        8.5514E-01    1.0888E-06   
400.00  39031.5     32659.9     0.0000E+00       15.929        1.2386E-02    5.4346E-05   
500.00  38996.5     31069.6     0.0000E+00       15.854        -6.7939E-01   5.6789E-04   
600.00  38901.9     29492.2     0.0000E+00       15.683        -1.1840E+00   2.7073E-03   
700.00  38765.0     27934.3     0.0000E+00       15.472        -1.5299E+00   8.2332E-03   
800.00  38600.2     26398.0     0.0000E+00       15.253        -1.7453E+00   1.8899E-02   
900.00  38419.6     24883.5     0.0000E+00       15.040        -1.8512E+00   3.5961E-02   
1000.00 38233.1     23389.5     0.0000E+00       14.844        -1.8627E+00   6.0019E-02   
1100.00 38047.2     21914.2     0.0000E+00       14.666        -1.8441E+00   9.1077E-02   
1200.00 37866.2     20455.6     0.0000E+00       14.509        -1.7694E+00   1.2871E-01   
1300.00 37695.6     19011.7     0.0000E+00       14.372        -1.6375E+00   1.7223E-01   
1400.00 37535.6     17580.5     0.0000E+00       14.254        -1.5639E+00   2.2084E-01   
1500.00 37382.7     16160.5     0.0000E+00       14.148        -1.4953E+00   2.7369E-01   
1600.00 37236.1     14750.5     0.0000E+00       14.054        -1.4377E+00   3.2996E-01   
1700.00 37094.7     13349.5     0.0000E+00       13.968        -1.3937E+00   3.8889E-01   
1800.00 36956.9     11956.7     0.0000E+00       13.889        -1.3639E+00   4.4981E-01   
1900.00 36821.5     10571.5     0.0000E+00       13.816        -1.3476E+00   5.1212E-01   
2000.00 36687.0     9193.4      0.0000E+00       13.747        -1.3439E+00   5.7530E-01   
2100.00 36552.3     7822.1      0.0000E+00       13.681        -1.3515E+00   6.3891E-01   
2200.00 36416.3     6457.2      0.0000E+00       13.618        -1.3691E+00   7.0257E-01   
2300.00 36278.2     5098.5      0.0000E+00       13.556        -1.3954E+00   7.6597E-01   
2400.00 36137.0     3745.8      0.0000E+00       13.496        -1.4291E+00   8.2885E-01   
2500.00 35992.1     2399.2      0.0000E+00       13.437        -1.4694E+00   8.9099E-01   
2600.00 35843.0     1058.4      0.0000E+00       13.379        -1.5150E+00   9.5222E-01   
2700.00 35689.0     -276.6      0.0000E+00       13.321        -1.5652E+00   1.0124E+00   
2800.00 35529.8     -1605.8     0.0000E+00       13.263        -1.6193E+00   1.0714E+00   
2900.00 35365.0     -2929.1     0.0000E+00       13.205        -1.6765E+00   1.1292E+00   
3000.00 35194.4     -4246.7     0.0000E+00       13.147        -1.7362E+00   1.1856E+00   
3100.00 35017.7     -5558.5     0.0000E+00       13.089        -1.7979E+00   1.2407E+00   
3200.00 34834.8     -6864.6     0.0000E+00       13.031        -1.8612E+00   1.2943E+00   
3300.00 34645.5     -8164.7     0.0000E+00       12.973        -1.9256E+00   1.3466E+00   
3400.00 34449.6     -9459.1     0.0000E+00       12.914        -1.9909E+00   1.3974E+00   
3500.00 34247.3     -10747.6    0.0000E+00       12.856        -2.0567E+00   1.4468E+00   
3600.00 34038.3     -12030.2    0.0000E+00       12.797        -2.1227E+00   1.4947E+00   
3700.00 33822.7     -13307.0    0.0000E+00       12.738        -2.1888E+00   1.5412E+00   
3800.00 33600.5     -14577.8    0.0000E+00       12.679        -2.2547E+00   1.5863E+00   
3900.00 33371.8     -15842.7    0.0000E+00       12.619        -2.3203E+00   1.6300E+00   
4000.00 33136.5     -17101.6    0.0000E+00       12.560        -2.3854E+00   1.6723E+00   
4100.00 32894.6     -18354.6    0.0000E+00       12.500        -2.4521E+00   1.7133E+00   
4200.00 32646.2     -19601.5    0.0000E+00       12.440        -2.5163E+00   1.7530E+00   
4300.00 32391.3     -20842.5    0.0000E+00       12.380        -2.5813E+00   1.7913E+00   
4400.00 32129.9     -22077.5    0.0000E+00       12.320        -2.6469E+00   1.8285E+00   
4500.00 31861.9     -23306.5    0.0000E+00       12.260        -2.7132E+00   1.8644E+00   
4600.00 31587.3     -24529.5    0.0000E+00       12.199        -2.7800E+00   1.8990E+00   
4700.00 31305.9     -25746.4    0.0000E+00       12.139        -2.8475E+00   1.9326E+00   
4800.00 31017.7     -26957.2    0.0000E+00       12.078        -2.9154E+00   1.9649E+00   
4900.00 30722.8     -28162.0    0.0000E+00       12.017        -2.9838E+00   1.9962E+00   
5000.00 30421.0     -29360.7    0.0000E+00       11.956        -3.0525E+00   2.0264E+00   
5100.00 30112.3     -30553.2    0.0000E+00       11.895        -3.1217E+00   2.0555E+00   
5200.00 29796.6     -31739.7    0.0000E+00       11.834        -3.1911E+00   2.0836E+00   
5300.00 29474.0     -32920.0    0.0000E+00       11.772        -3.2607E+00   2.1108E+00   
5400.00 29144.5     -34094.2    0.0000E+00       11.711        -3.3306E+00   2.1369E+00   
5500.00 28807.9     -35262.2    0.0000E+00       11.649        -3.4007E+00   2.1621E+00   
5600.00 28464.3     -36424.0    0.0000E+00       11.587        -3.4708E+00   2.1865E+00   
5700.00 28113.7     -37579.6    0.0000E+00       11.525        -3.5411E+00   2.2099E+00   
5800.00 27756.1     -38729.0    0.0000E+00       11.463        -3.6114E+00   2.2325E+00   
5900.00 27391.5     -39872.2    0.0000E+00       11.401        -3.6817E+00   2.2542E+00   
6000.00 27019.8     -41009.1    0.0000E+00       11.338        -3.7520E+00   2.2751E+00   
_______ ___________ ___________ ________________ _____________ _____________ __________ _ 
 
